(kicad_pcb (version 20171130) (host pcbnew 5.1.6)

  (general
    (thickness 1.6)
    (drawings 7)
    (tracks 384)
    (zones 0)
    (modules 51)
    (nets 37)
  )

  (page A4)
  (title_block
    (title ULPSoilMonitor)
    (date 2020-05-16)
    (rev v2.0)
    (company Flobs)
  )

  (layers
    (0 F.Cu signal)
    (31 B.Cu signal)
    (32 B.Adhes user)
    (33 F.Adhes user)
    (34 B.Paste user)
    (35 F.Paste user)
    (36 B.SilkS user)
    (37 F.SilkS user)
    (38 B.Mask user)
    (39 F.Mask user)
    (40 Dwgs.User user)
    (41 Cmts.User user)
    (42 Eco1.User user)
    (43 Eco2.User user)
    (44 Edge.Cuts user)
    (45 Margin user)
    (46 B.CrtYd user)
    (47 F.CrtYd user)
    (48 B.Fab user)
    (49 F.Fab user)
  )

  (setup
    (last_trace_width 0.25)
    (trace_clearance 0.2)
    (zone_clearance 0.45)
    (zone_45_only no)
    (trace_min 0.2)
    (via_size 0.8)
    (via_drill 0.4)
    (via_min_size 0.4)
    (via_min_drill 0.3)
    (uvia_size 0.3)
    (uvia_drill 0.1)
    (uvias_allowed no)
    (uvia_min_size 0.2)
    (uvia_min_drill 0.1)
    (edge_width 0.05)
    (segment_width 0.2)
    (pcb_text_width 0.3)
    (pcb_text_size 1.5 1.5)
    (mod_edge_width 0.12)
    (mod_text_size 1 1)
    (mod_text_width 0.15)
    (pad_size 1.524 1.524)
    (pad_drill 0.762)
    (pad_to_mask_clearance 0.051)
    (solder_mask_min_width 0.25)
    (aux_axis_origin 0 0)
    (visible_elements FFFFFF7F)
    (pcbplotparams
      (layerselection 0x010fc_ffffffff)
      (usegerberextensions false)
      (usegerberattributes false)
      (usegerberadvancedattributes false)
      (creategerberjobfile false)
      (excludeedgelayer true)
      (linewidth 0.100000)
      (plotframeref false)
      (viasonmask false)
      (mode 1)
      (useauxorigin false)
      (hpglpennumber 1)
      (hpglpenspeed 20)
      (hpglpendiameter 15.000000)
      (psnegative false)
      (psa4output false)
      (plotreference true)
      (plotvalue true)
      (plotinvisibletext false)
      (padsonsilk false)
      (subtractmaskfromsilk false)
      (outputformat 1)
      (mirror false)
      (drillshape 1)
      (scaleselection 1)
      (outputdirectory ""))
  )

  (net 0 "")
  (net 1 +BATT)
  (net 2 -BATT)
  (net 3 EN)
  (net 4 SENSOR0)
  (net 5 SENSOR_VCC)
  (net 6 SENSOR1)
  (net 7 SENSOR2)
  (net 8 SENSOR3)
  (net 9 SENSOR4)
  (net 10 SENSOR5)
  (net 11 VBUS)
  (net 12 "Net-(Q1-Pad1)")
  (net 13 DTR)
  (net 14 "Net-(Q2-Pad2)")
  (net 15 "Net-(Q2-Pad5)")
  (net 16 IO0)
  (net 17 RTS)
  (net 18 SENSOR0_SCALED)
  (net 19 SENSOR3_SCALED)
  (net 20 SENSOR1_SCALED)
  (net 21 SENSOR4_SCALED)
  (net 22 SENSOR2_SCALED)
  (net 23 SENSOR5_SCALED)
  (net 24 SENSOR_ENABLE)
  (net 25 D+)
  (net 26 D-)
  (net 27 ESPRX)
  (net 28 ESPTX)
  (net 29 VCC)
  (net 30 +3V3)
  (net 31 "Net-(C8-Pad1)")
  (net 32 "Net-(C9-Pad1)")
  (net 33 "Net-(C10-Pad1)")
  (net 34 SCL)
  (net 35 SDA)
  (net 36 VCC_SCALED)

  (net_class Default "This is the default net class."
    (clearance 0.2)
    (trace_width 0.25)
    (via_dia 0.8)
    (via_drill 0.4)
    (uvia_dia 0.3)
    (uvia_drill 0.1)
    (add_net +3V3)
    (add_net +BATT)
    (add_net -BATT)
    (add_net D+)
    (add_net D-)
    (add_net DTR)
    (add_net EN)
    (add_net ESPRX)
    (add_net ESPTX)
    (add_net IO0)
    (add_net "Net-(C10-Pad1)")
    (add_net "Net-(C8-Pad1)")
    (add_net "Net-(C9-Pad1)")
    (add_net "Net-(Q1-Pad1)")
    (add_net "Net-(Q2-Pad2)")
    (add_net "Net-(Q2-Pad5)")
    (add_net RTS)
    (add_net SCL)
    (add_net SDA)
    (add_net SENSOR0)
    (add_net SENSOR0_SCALED)
    (add_net SENSOR1)
    (add_net SENSOR1_SCALED)
    (add_net SENSOR2)
    (add_net SENSOR2_SCALED)
    (add_net SENSOR3)
    (add_net SENSOR3_SCALED)
    (add_net SENSOR4)
    (add_net SENSOR4_SCALED)
    (add_net SENSOR5)
    (add_net SENSOR5_SCALED)
    (add_net SENSOR_ENABLE)
    (add_net SENSOR_VCC)
    (add_net VBUS)
    (add_net VCC)
    (add_net VCC_SCALED)
  )

  (module Resistor_SMD:R_0805_2012Metric (layer F.Cu) (tedit 5B36C52B) (tstamp 5EE4D570)
    (at 45.9 98.5 180)
    (descr "Resistor SMD 0805 (2012 Metric), square (rectangular) end terminal, IPC_7351 nominal, (Body size source: https://docs.google.com/spreadsheets/d/1BsfQQcO9C6DZCsRaXUlFlo91Tg2WpOkGARC1WS5S8t0/edit?usp=sharing), generated with kicad-footprint-generator")
    (tags resistor)
    (path /5EF18839/5EF324F8)
    (attr smd)
    (fp_text reference R12 (at 0 -1.65) (layer F.SilkS)
      (effects (font (size 1 1) (thickness 0.15)))
    )
    (fp_text value 68k (at 0 1.65) (layer F.Fab)
      (effects (font (size 1 1) (thickness 0.15)))
    )
    (fp_line (start 1.68 0.95) (end -1.68 0.95) (layer F.CrtYd) (width 0.05))
    (fp_line (start 1.68 -0.95) (end 1.68 0.95) (layer F.CrtYd) (width 0.05))
    (fp_line (start -1.68 -0.95) (end 1.68 -0.95) (layer F.CrtYd) (width 0.05))
    (fp_line (start -1.68 0.95) (end -1.68 -0.95) (layer F.CrtYd) (width 0.05))
    (fp_line (start -0.258578 0.71) (end 0.258578 0.71) (layer F.SilkS) (width 0.12))
    (fp_line (start -0.258578 -0.71) (end 0.258578 -0.71) (layer F.SilkS) (width 0.12))
    (fp_line (start 1 0.6) (end -1 0.6) (layer F.Fab) (width 0.1))
    (fp_line (start 1 -0.6) (end 1 0.6) (layer F.Fab) (width 0.1))
    (fp_line (start -1 -0.6) (end 1 -0.6) (layer F.Fab) (width 0.1))
    (fp_line (start -1 0.6) (end -1 -0.6) (layer F.Fab) (width 0.1))
    (fp_text user %R (at 0 0) (layer F.Fab)
      (effects (font (size 0.5 0.5) (thickness 0.08)))
    )
    (pad 1 smd roundrect (at -0.9375 0 180) (size 0.975 1.4) (layers F.Cu F.Paste F.Mask) (roundrect_rratio 0.25)
      (net 8 SENSOR3))
    (pad 2 smd roundrect (at 0.9375 0 180) (size 0.975 1.4) (layers F.Cu F.Paste F.Mask) (roundrect_rratio 0.25)
      (net 19 SENSOR3_SCALED))
    (model ${KISYS3DMOD}/Resistor_SMD.3dshapes/R_0805_2012Metric.wrl
      (at (xyz 0 0 0))
      (scale (xyz 1 1 1))
      (rotate (xyz 0 0 0))
    )
  )

  (module Button_Switch_SMD:SW_SPST_FSMSM (layer F.Cu) (tedit 5A02FC95) (tstamp 5EC1E33B)
    (at 62.05 58.35 90)
    (descr http://www.te.com/commerce/DocumentDelivery/DDEController?Action=srchrtrv&DocNm=1437566-3&DocType=Customer+Drawing&DocLang=English)
    (tags "SPST button tactile switch")
    (path /5ECDD581)
    (attr smd)
    (fp_text reference SW1 (at 0 -2.6 90) (layer F.SilkS)
      (effects (font (size 1 1) (thickness 0.15)))
    )
    (fp_text value RESET (at 0 3 90) (layer F.Fab)
      (effects (font (size 1 1) (thickness 0.15)))
    )
    (fp_line (start -1.75 -1) (end 1.75 -1) (layer F.Fab) (width 0.1))
    (fp_line (start 1.75 -1) (end 1.75 1) (layer F.Fab) (width 0.1))
    (fp_line (start 1.75 1) (end -1.75 1) (layer F.Fab) (width 0.1))
    (fp_line (start -1.75 1) (end -1.75 -1) (layer F.Fab) (width 0.1))
    (fp_line (start -3.06 -1.81) (end 3.06 -1.81) (layer F.SilkS) (width 0.12))
    (fp_line (start 3.06 -1.81) (end 3.06 1.81) (layer F.SilkS) (width 0.12))
    (fp_line (start 3.06 1.81) (end -3.06 1.81) (layer F.SilkS) (width 0.12))
    (fp_line (start -3.06 1.81) (end -3.06 -1.81) (layer F.SilkS) (width 0.12))
    (fp_line (start -1.5 0.8) (end 1.5 0.8) (layer F.Fab) (width 0.1))
    (fp_line (start -1.5 -0.8) (end 1.5 -0.8) (layer F.Fab) (width 0.1))
    (fp_line (start 1.5 -0.8) (end 1.5 0.8) (layer F.Fab) (width 0.1))
    (fp_line (start -1.5 -0.8) (end -1.5 0.8) (layer F.Fab) (width 0.1))
    (fp_line (start -5.95 2) (end 5.95 2) (layer F.CrtYd) (width 0.05))
    (fp_line (start 5.95 -2) (end 5.95 2) (layer F.CrtYd) (width 0.05))
    (fp_line (start -3 1.75) (end 3 1.75) (layer F.Fab) (width 0.1))
    (fp_line (start -3 -1.75) (end 3 -1.75) (layer F.Fab) (width 0.1))
    (fp_line (start -3 -1.75) (end -3 1.75) (layer F.Fab) (width 0.1))
    (fp_line (start 3 -1.75) (end 3 1.75) (layer F.Fab) (width 0.1))
    (fp_line (start -5.95 -2) (end -5.95 2) (layer F.CrtYd) (width 0.05))
    (fp_line (start -5.95 -2) (end 5.95 -2) (layer F.CrtYd) (width 0.05))
    (fp_text user %R (at 0 -2.6 90) (layer F.Fab)
      (effects (font (size 1 1) (thickness 0.15)))
    )
    (pad 2 smd rect (at 4.59 0 90) (size 2.18 1.6) (layers F.Cu F.Paste F.Mask)
      (net 2 -BATT))
    (pad 1 smd rect (at -4.59 0 90) (size 2.18 1.6) (layers F.Cu F.Paste F.Mask)
      (net 3 EN))
    (model ${KISYS3DMOD}/Button_Switch_SMD.3dshapes/SW_SPST_FSMSM.wrl
      (at (xyz 0 0 0))
      (scale (xyz 1 1 1))
      (rotate (xyz 0 0 0))
    )
  )

  (module Package_LGA:Bosch_LGA-8_2.5x2.5mm_P0.65mm_ClockwisePinNumbering (layer F.Cu) (tedit 5A0FA816) (tstamp 5EC03268)
    (at 60.3 46.7 180)
    (descr LGA-8)
    (tags "lga land grid array")
    (path /5F0FC7B0/5F1061F4)
    (attr smd)
    (fp_text reference U4 (at 0.015 -2.465) (layer F.SilkS)
      (effects (font (size 1 1) (thickness 0.15)))
    )
    (fp_text value BME280 (at 0.015 2.535) (layer F.Fab)
      (effects (font (size 1 1) (thickness 0.15)))
    )
    (fp_line (start 1.41 1.54) (end -1.41 1.54) (layer F.CrtYd) (width 0.05))
    (fp_line (start 1.41 -1.54) (end 1.41 1.54) (layer F.CrtYd) (width 0.05))
    (fp_line (start -1.41 -1.54) (end 1.41 -1.54) (layer F.CrtYd) (width 0.05))
    (fp_line (start -1.41 1.54) (end -1.41 -1.54) (layer F.CrtYd) (width 0.05))
    (fp_line (start 1.25 1.25) (end -1.25 1.25) (layer F.Fab) (width 0.1))
    (fp_line (start 1.25 -1.25) (end 1.25 1.25) (layer F.Fab) (width 0.1))
    (fp_line (start -0.5 -1.25) (end 1.25 -1.25) (layer F.Fab) (width 0.1))
    (fp_line (start -1.25 1.25) (end -1.25 -0.5) (layer F.Fab) (width 0.1))
    (fp_line (start -1.35 -1.2) (end -1.35 -1.45) (layer F.SilkS) (width 0.1))
    (fp_line (start 1.35 -1.35) (end 1.35 -1.2) (layer F.SilkS) (width 0.1))
    (fp_line (start 1.2 -1.35) (end 1.35 -1.35) (layer F.SilkS) (width 0.1))
    (fp_line (start 1.35 1.35) (end 1.2 1.35) (layer F.SilkS) (width 0.1))
    (fp_line (start 1.35 1.35) (end 1.35 1.2) (layer F.SilkS) (width 0.1))
    (fp_line (start -1.35 1.35) (end -1.35 1.2) (layer F.SilkS) (width 0.1))
    (fp_line (start -1.25 -0.5) (end -0.5 -1.25) (layer F.Fab) (width 0.1))
    (fp_line (start -1.35 1.36) (end -1.2 1.36) (layer F.SilkS) (width 0.1))
    (fp_text user %R (at 0 0 180) (layer F.Fab)
      (effects (font (size 0.5 0.5) (thickness 0.075)))
    )
    (pad 4 smd rect (at 0.975 -1.025 270) (size 0.5 0.35) (layers F.Cu F.Paste F.Mask)
      (net 34 SCL))
    (pad 3 smd rect (at 0.325 -1.025 270) (size 0.5 0.35) (layers F.Cu F.Paste F.Mask)
      (net 35 SDA))
    (pad 2 smd rect (at -0.325 -1.025 270) (size 0.5 0.35) (layers F.Cu F.Paste F.Mask)
      (net 29 VCC))
    (pad 1 smd rect (at -0.975 -1.025 270) (size 0.5 0.35) (layers F.Cu F.Paste F.Mask)
      (net 2 -BATT))
    (pad 8 smd rect (at -0.975 1.025 270) (size 0.5 0.35) (layers F.Cu F.Paste F.Mask)
      (net 29 VCC))
    (pad 7 smd rect (at -0.325 1.025 270) (size 0.5 0.35) (layers F.Cu F.Paste F.Mask)
      (net 2 -BATT))
    (pad 6 smd rect (at 0.325 1.025 270) (size 0.5 0.35) (layers F.Cu F.Paste F.Mask)
      (net 29 VCC))
    (pad 5 smd rect (at 0.975 1.025 270) (size 0.5 0.35) (layers F.Cu F.Paste F.Mask)
      (net 2 -BATT))
    (model ${KISYS3DMOD}/Package_LGA.3dshapes/Bosch_LGA-8_2.5x2.5mm_P0.65mm_ClockwisePinNumbering.wrl
      (offset (xyz 0.01500000025472259 -0.03500000059435272 0))
      (scale (xyz 1 1 1))
      (rotate (xyz 0 0 0))
    )
  )

  (module flobs-KiCad-footprints:BatteryHolder_BHC-18650-1P-2P (layer B.Cu) (tedit 5EBFD380) (tstamp 5EC08A60)
    (at 51.95 102.15 90)
    (descr "18650 Battery Holder (http://www.memoryprotectiondevices.com/datasheets/BK-18650-PC2-datasheet.pdf)")
    (tags "18650 Battery Holder")
    (path /5EBC38D0)
    (fp_text reference BT1 (at 36 -1 90) (layer B.SilkS)
      (effects (font (size 1 1) (thickness 0.15)) (justify mirror))
    )
    (fp_text value Battery (at 36 0.8 90) (layer B.Fab)
      (effects (font (size 1 1) (thickness 0.15)) (justify mirror))
    )
    (fp_line (start -1.6 -0.15) (end 73 -0.15) (layer B.Fab) (width 0.1))
    (fp_line (start -1.6 -20.75) (end -1.6 -0.15) (layer B.Fab) (width 0.1))
    (fp_line (start 73.4 -21.15) (end -2 -21.15) (layer B.CrtYd) (width 0.05))
    (fp_line (start 73.2 -20.95) (end -1.8 -20.95) (layer B.SilkS) (width 0.12))
    (fp_line (start 73 -20.75) (end -1.6 -20.75) (layer B.Fab) (width 0.1))
    (fp_line (start 73 -0.15) (end 73 -20.75) (layer B.Fab) (width 0.1))
    (fp_line (start -2 -21.15) (end -2 0.25) (layer B.CrtYd) (width 0.05))
    (fp_line (start 73.2 0.05) (end 73.2 -20.95) (layer B.SilkS) (width 0.12))
    (fp_line (start 73.4 0.25) (end 73.4 -21.15) (layer B.CrtYd) (width 0.05))
    (fp_line (start -1.8 -20.95) (end -1.8 0.05) (layer B.SilkS) (width 0.12))
    (fp_line (start -2 0.25) (end 73.4 0.25) (layer B.CrtYd) (width 0.05))
    (fp_line (start -1.8 0.05) (end 73.2 0.05) (layer B.SilkS) (width 0.12))
    (fp_line (start -1.6 21.05) (end 73 21.05) (layer B.Fab) (width 0.1))
    (fp_line (start -1.6 0.45) (end -1.6 21.05) (layer B.Fab) (width 0.1))
    (fp_line (start 73.4 0.05) (end -2 0.05) (layer B.CrtYd) (width 0.05))
    (fp_line (start 73.2 0.25) (end -1.8 0.25) (layer B.SilkS) (width 0.12))
    (fp_line (start 73 0.45) (end -1.6 0.45) (layer B.Fab) (width 0.1))
    (fp_line (start 73 21.05) (end 73 0.45) (layer B.Fab) (width 0.1))
    (fp_line (start -2 0.05) (end -2 21.45) (layer B.CrtYd) (width 0.05))
    (fp_line (start 73.2 21.25) (end 73.2 0.25) (layer B.SilkS) (width 0.12))
    (fp_line (start 73.4 21.45) (end 73.4 0.05) (layer B.CrtYd) (width 0.05))
    (fp_line (start -1.8 0.25) (end -1.8 21.25) (layer B.SilkS) (width 0.12))
    (fp_line (start -2 21.45) (end 73.4 21.45) (layer B.CrtYd) (width 0.05))
    (fp_line (start -1.8 21.25) (end 73.2 21.25) (layer B.SilkS) (width 0.12))
    (fp_line (start -2 10.75) (end 73.4 10.75) (layer B.CrtYd) (width 0.05))
    (fp_line (start 73.4 10.75) (end 73.4 -10.65) (layer B.CrtYd) (width 0.05))
    (fp_line (start 73.4 -10.65) (end -2 -10.65) (layer B.CrtYd) (width 0.05))
    (fp_line (start -2 -10.65) (end -2 10.75) (layer B.CrtYd) (width 0.05))
    (fp_line (start -1.6 10.35) (end 73 10.35) (layer B.Fab) (width 0.1))
    (fp_line (start 73 10.35) (end 73 -10.25) (layer B.Fab) (width 0.1))
    (fp_line (start 73 -10.25) (end -1.6 -10.25) (layer B.Fab) (width 0.1))
    (fp_line (start -1.6 -10.25) (end -1.6 10.35) (layer B.Fab) (width 0.1))
    (fp_line (start -1.8 10.55) (end 73.2 10.55) (layer B.SilkS) (width 0.12))
    (fp_line (start 73.2 10.55) (end 73.2 -10.45) (layer B.SilkS) (width 0.12))
    (fp_line (start 73.2 -10.45) (end -1.8 -10.45) (layer B.SilkS) (width 0.12))
    (fp_line (start -1.8 -10.45) (end -1.8 10.55) (layer B.SilkS) (width 0.12))
    (fp_text user %R (at 36 2.4 90) (layer B.Fab)
      (effects (font (size 1 1) (thickness 0.15)) (justify mirror))
    )
    (pad 2 thru_hole circle (at 71.4 0 90) (size 3.5 3.5) (drill 2) (layers *.Cu *.Mask)
      (net 2 -BATT))
    (pad 1 thru_hole rect (at 0 0 90) (size 3.5 3.5) (drill 2) (layers *.Cu *.Mask)
      (net 1 +BATT))
    (pad 2 thru_hole circle (at 71.4 10.7 90) (size 3.5 3.5) (drill 2) (layers *.Cu *.Mask)
      (net 2 -BATT))
    (pad 1 thru_hole rect (at 0 10.7 90) (size 3.5 3.5) (drill 2) (layers *.Cu *.Mask)
      (net 1 +BATT))
    (pad 2 thru_hole circle (at 71.4 -10.5 90) (size 3.5 3.5) (drill 2) (layers *.Cu *.Mask)
      (net 2 -BATT))
    (pad 1 thru_hole rect (at 0 -10.5 90) (size 3.5 3.5) (drill 2) (layers *.Cu *.Mask)
      (net 1 +BATT))
    (model ${KISYS3DMOD}/Battery.3dshapes/BatteryHolder_MPD_BH-18650-PC2.wrl
      (at (xyz 0 0 0))
      (scale (xyz 1 1 1))
      (rotate (xyz 0 0 0))
    )
  )

  (module Resistor_SMD:R_0805_2012Metric (layer F.Cu) (tedit 5B36C52B) (tstamp 5EC077A5)
    (at 46.7 84.2 270)
    (descr "Resistor SMD 0805 (2012 Metric), square (rectangular) end terminal, IPC_7351 nominal, (Body size source: https://docs.google.com/spreadsheets/d/1BsfQQcO9C6DZCsRaXUlFlo91Tg2WpOkGARC1WS5S8t0/edit?usp=sharing), generated with kicad-footprint-generator")
    (tags resistor)
    (path /5EF18839/5EF32519)
    (attr smd)
    (fp_text reference R17 (at 1.55 1.4 270) (layer F.SilkS)
      (effects (font (size 1 1) (thickness 0.15)))
    )
    (fp_text value 30k (at 0 1.65 90) (layer F.Fab)
      (effects (font (size 1 1) (thickness 0.15)))
    )
    (fp_line (start -1 0.6) (end -1 -0.6) (layer F.Fab) (width 0.1))
    (fp_line (start -1 -0.6) (end 1 -0.6) (layer F.Fab) (width 0.1))
    (fp_line (start 1 -0.6) (end 1 0.6) (layer F.Fab) (width 0.1))
    (fp_line (start 1 0.6) (end -1 0.6) (layer F.Fab) (width 0.1))
    (fp_line (start -0.258578 -0.71) (end 0.258578 -0.71) (layer F.SilkS) (width 0.12))
    (fp_line (start -0.258578 0.71) (end 0.258578 0.71) (layer F.SilkS) (width 0.12))
    (fp_line (start -1.68 0.95) (end -1.68 -0.95) (layer F.CrtYd) (width 0.05))
    (fp_line (start -1.68 -0.95) (end 1.68 -0.95) (layer F.CrtYd) (width 0.05))
    (fp_line (start 1.68 -0.95) (end 1.68 0.95) (layer F.CrtYd) (width 0.05))
    (fp_line (start 1.68 0.95) (end -1.68 0.95) (layer F.CrtYd) (width 0.05))
    (fp_text user %R (at 0 0 90) (layer F.Fab)
      (effects (font (size 0.5 0.5) (thickness 0.08)))
    )
    (pad 2 smd roundrect (at 0.9375 0 270) (size 0.975 1.4) (layers F.Cu F.Paste F.Mask) (roundrect_rratio 0.25)
      (net 2 -BATT))
    (pad 1 smd roundrect (at -0.9375 0 270) (size 0.975 1.4) (layers F.Cu F.Paste F.Mask) (roundrect_rratio 0.25)
      (net 21 SENSOR4_SCALED))
    (model ${KISYS3DMOD}/Resistor_SMD.3dshapes/R_0805_2012Metric.wrl
      (at (xyz 0 0 0))
      (scale (xyz 1 1 1))
      (rotate (xyz 0 0 0))
    )
  )

  (module Connector_PinHeader_2.54mm:PinHeader_1x03_P2.54mm_Vertical (layer F.Cu) (tedit 59FED5CC) (tstamp 5EC0B6B7)
    (at 41.6 77.2 180)
    (descr "Through hole straight pin header, 1x03, 2.54mm pitch, single row")
    (tags "Through hole pin header THT 1x03 2.54mm single row")
    (path /5EC69E7C)
    (fp_text reference JP1 (at -2.1 2.8 90) (layer F.SilkS)
      (effects (font (size 1 1) (thickness 0.15)))
    )
    (fp_text value Jumper_3_Bridged12 (at 0 7.41) (layer F.Fab)
      (effects (font (size 1 1) (thickness 0.15)))
    )
    (fp_line (start -0.635 -1.27) (end 1.27 -1.27) (layer F.Fab) (width 0.1))
    (fp_line (start 1.27 -1.27) (end 1.27 6.35) (layer F.Fab) (width 0.1))
    (fp_line (start 1.27 6.35) (end -1.27 6.35) (layer F.Fab) (width 0.1))
    (fp_line (start -1.27 6.35) (end -1.27 -0.635) (layer F.Fab) (width 0.1))
    (fp_line (start -1.27 -0.635) (end -0.635 -1.27) (layer F.Fab) (width 0.1))
    (fp_line (start -1.33 6.41) (end 1.33 6.41) (layer F.SilkS) (width 0.12))
    (fp_line (start -1.33 1.27) (end -1.33 6.41) (layer F.SilkS) (width 0.12))
    (fp_line (start 1.33 1.27) (end 1.33 6.41) (layer F.SilkS) (width 0.12))
    (fp_line (start -1.33 1.27) (end 1.33 1.27) (layer F.SilkS) (width 0.12))
    (fp_line (start -1.33 0) (end -1.33 -1.33) (layer F.SilkS) (width 0.12))
    (fp_line (start -1.33 -1.33) (end 0 -1.33) (layer F.SilkS) (width 0.12))
    (fp_line (start -1.8 -1.8) (end -1.8 6.85) (layer F.CrtYd) (width 0.05))
    (fp_line (start -1.8 6.85) (end 1.8 6.85) (layer F.CrtYd) (width 0.05))
    (fp_line (start 1.8 6.85) (end 1.8 -1.8) (layer F.CrtYd) (width 0.05))
    (fp_line (start 1.8 -1.8) (end -1.8 -1.8) (layer F.CrtYd) (width 0.05))
    (fp_text user %R (at 0 2.54 90) (layer F.Fab)
      (effects (font (size 1 1) (thickness 0.15)))
    )
    (pad 3 thru_hole oval (at 0 5.08 180) (size 1.7 1.7) (drill 1) (layers *.Cu *.Mask)
      (net 30 +3V3))
    (pad 2 thru_hole oval (at 0 2.54 180) (size 1.7 1.7) (drill 1) (layers *.Cu *.Mask)
      (net 29 VCC))
    (pad 1 thru_hole rect (at 0 0 180) (size 1.7 1.7) (drill 1) (layers *.Cu *.Mask)
      (net 1 +BATT))
    (model ${KISYS3DMOD}/Connector_PinHeader_2.54mm.3dshapes/PinHeader_1x03_P2.54mm_Vertical.wrl
      (at (xyz 0 0 0))
      (scale (xyz 1 1 1))
      (rotate (xyz 0 0 0))
    )
  )

  (module Resistor_SMD:R_0805_2012Metric (layer F.Cu) (tedit 5B36C52B) (tstamp 5EC030EC)
    (at 62 68.4)
    (descr "Resistor SMD 0805 (2012 Metric), square (rectangular) end terminal, IPC_7351 nominal, (Body size source: https://docs.google.com/spreadsheets/d/1BsfQQcO9C6DZCsRaXUlFlo91Tg2WpOkGARC1WS5S8t0/edit?usp=sharing), generated with kicad-footprint-generator")
    (tags resistor)
    (path /5EF18839/5EF32549)
    (attr smd)
    (fp_text reference R7 (at 0 1.6) (layer F.SilkS)
      (effects (font (size 1 1) (thickness 0.15)))
    )
    (fp_text value 68k (at 0 1.65) (layer F.Fab)
      (effects (font (size 1 1) (thickness 0.15)))
    )
    (fp_line (start 1.68 0.95) (end -1.68 0.95) (layer F.CrtYd) (width 0.05))
    (fp_line (start 1.68 -0.95) (end 1.68 0.95) (layer F.CrtYd) (width 0.05))
    (fp_line (start -1.68 -0.95) (end 1.68 -0.95) (layer F.CrtYd) (width 0.05))
    (fp_line (start -1.68 0.95) (end -1.68 -0.95) (layer F.CrtYd) (width 0.05))
    (fp_line (start -0.258578 0.71) (end 0.258578 0.71) (layer F.SilkS) (width 0.12))
    (fp_line (start -0.258578 -0.71) (end 0.258578 -0.71) (layer F.SilkS) (width 0.12))
    (fp_line (start 1 0.6) (end -1 0.6) (layer F.Fab) (width 0.1))
    (fp_line (start 1 -0.6) (end 1 0.6) (layer F.Fab) (width 0.1))
    (fp_line (start -1 -0.6) (end 1 -0.6) (layer F.Fab) (width 0.1))
    (fp_line (start -1 0.6) (end -1 -0.6) (layer F.Fab) (width 0.1))
    (fp_text user %R (at 0 0) (layer F.Fab)
      (effects (font (size 0.5 0.5) (thickness 0.08)))
    )
    (pad 1 smd roundrect (at -0.9375 0) (size 0.975 1.4) (layers F.Cu F.Paste F.Mask) (roundrect_rratio 0.25)
      (net 5 SENSOR_VCC))
    (pad 2 smd roundrect (at 0.9375 0) (size 0.975 1.4) (layers F.Cu F.Paste F.Mask) (roundrect_rratio 0.25)
      (net 36 VCC_SCALED))
    (model ${KISYS3DMOD}/Resistor_SMD.3dshapes/R_0805_2012Metric.wrl
      (at (xyz 0 0 0))
      (scale (xyz 1 1 1))
      (rotate (xyz 0 0 0))
    )
  )

  (module Resistor_SMD:R_0805_2012Metric (layer F.Cu) (tedit 5B36C52B) (tstamp 5EC1C561)
    (at 62 66.4)
    (descr "Resistor SMD 0805 (2012 Metric), square (rectangular) end terminal, IPC_7351 nominal, (Body size source: https://docs.google.com/spreadsheets/d/1BsfQQcO9C6DZCsRaXUlFlo91Tg2WpOkGARC1WS5S8t0/edit?usp=sharing), generated with kicad-footprint-generator")
    (tags resistor)
    (path /5EF18839/5EF3254F)
    (attr smd)
    (fp_text reference R11 (at 0 -1.65) (layer F.SilkS)
      (effects (font (size 1 1) (thickness 0.15)))
    )
    (fp_text value 30k (at 0 1.65) (layer F.Fab)
      (effects (font (size 1 1) (thickness 0.15)))
    )
    (fp_line (start -1 0.6) (end -1 -0.6) (layer F.Fab) (width 0.1))
    (fp_line (start -1 -0.6) (end 1 -0.6) (layer F.Fab) (width 0.1))
    (fp_line (start 1 -0.6) (end 1 0.6) (layer F.Fab) (width 0.1))
    (fp_line (start 1 0.6) (end -1 0.6) (layer F.Fab) (width 0.1))
    (fp_line (start -0.258578 -0.71) (end 0.258578 -0.71) (layer F.SilkS) (width 0.12))
    (fp_line (start -0.258578 0.71) (end 0.258578 0.71) (layer F.SilkS) (width 0.12))
    (fp_line (start -1.68 0.95) (end -1.68 -0.95) (layer F.CrtYd) (width 0.05))
    (fp_line (start -1.68 -0.95) (end 1.68 -0.95) (layer F.CrtYd) (width 0.05))
    (fp_line (start 1.68 -0.95) (end 1.68 0.95) (layer F.CrtYd) (width 0.05))
    (fp_line (start 1.68 0.95) (end -1.68 0.95) (layer F.CrtYd) (width 0.05))
    (fp_text user %R (at 0 0) (layer F.Fab)
      (effects (font (size 0.5 0.5) (thickness 0.08)))
    )
    (pad 2 smd roundrect (at 0.9375 0) (size 0.975 1.4) (layers F.Cu F.Paste F.Mask) (roundrect_rratio 0.25)
      (net 2 -BATT))
    (pad 1 smd roundrect (at -0.9375 0) (size 0.975 1.4) (layers F.Cu F.Paste F.Mask) (roundrect_rratio 0.25)
      (net 36 VCC_SCALED))
    (model ${KISYS3DMOD}/Resistor_SMD.3dshapes/R_0805_2012Metric.wrl
      (at (xyz 0 0 0))
      (scale (xyz 1 1 1))
      (rotate (xyz 0 0 0))
    )
  )

  (module Resistor_SMD:R_0805_2012Metric (layer F.Cu) (tedit 5B36C52B) (tstamp 5EC07847)
    (at 57.4508 97.3508 270)
    (descr "Resistor SMD 0805 (2012 Metric), square (rectangular) end terminal, IPC_7351 nominal, (Body size source: https://docs.google.com/spreadsheets/d/1BsfQQcO9C6DZCsRaXUlFlo91Tg2WpOkGARC1WS5S8t0/edit?usp=sharing), generated with kicad-footprint-generator")
    (tags resistor)
    (path /5EF18839/5EF324AD)
    (attr smd)
    (fp_text reference R8 (at 0 -1.65 90) (layer F.SilkS)
      (effects (font (size 1 1) (thickness 0.15)))
    )
    (fp_text value 30k (at 0 1.65 90) (layer F.Fab)
      (effects (font (size 1 1) (thickness 0.15)))
    )
    (fp_line (start -1 0.6) (end -1 -0.6) (layer F.Fab) (width 0.1))
    (fp_line (start -1 -0.6) (end 1 -0.6) (layer F.Fab) (width 0.1))
    (fp_line (start 1 -0.6) (end 1 0.6) (layer F.Fab) (width 0.1))
    (fp_line (start 1 0.6) (end -1 0.6) (layer F.Fab) (width 0.1))
    (fp_line (start -0.258578 -0.71) (end 0.258578 -0.71) (layer F.SilkS) (width 0.12))
    (fp_line (start -0.258578 0.71) (end 0.258578 0.71) (layer F.SilkS) (width 0.12))
    (fp_line (start -1.68 0.95) (end -1.68 -0.95) (layer F.CrtYd) (width 0.05))
    (fp_line (start -1.68 -0.95) (end 1.68 -0.95) (layer F.CrtYd) (width 0.05))
    (fp_line (start 1.68 -0.95) (end 1.68 0.95) (layer F.CrtYd) (width 0.05))
    (fp_line (start 1.68 0.95) (end -1.68 0.95) (layer F.CrtYd) (width 0.05))
    (fp_text user %R (at 0 0 90) (layer F.Fab)
      (effects (font (size 0.5 0.5) (thickness 0.08)))
    )
    (pad 2 smd roundrect (at 0.9375 0 270) (size 0.975 1.4) (layers F.Cu F.Paste F.Mask) (roundrect_rratio 0.25)
      (net 2 -BATT))
    (pad 1 smd roundrect (at -0.9375 0 270) (size 0.975 1.4) (layers F.Cu F.Paste F.Mask) (roundrect_rratio 0.25)
      (net 18 SENSOR0_SCALED))
    (model ${KISYS3DMOD}/Resistor_SMD.3dshapes/R_0805_2012Metric.wrl
      (at (xyz 0 0 0))
      (scale (xyz 1 1 1))
      (rotate (xyz 0 0 0))
    )
  )

  (module Resistor_SMD:R_0805_2012Metric (layer F.Cu) (tedit 5B36C52B) (tstamp 5EC07745)
    (at 58.1508 93.4)
    (descr "Resistor SMD 0805 (2012 Metric), square (rectangular) end terminal, IPC_7351 nominal, (Body size source: https://docs.google.com/spreadsheets/d/1BsfQQcO9C6DZCsRaXUlFlo91Tg2WpOkGARC1WS5S8t0/edit?usp=sharing), generated with kicad-footprint-generator")
    (tags resistor)
    (path /5EF18839/5EF324A7)
    (attr smd)
    (fp_text reference R4 (at 0 -1.65) (layer F.SilkS)
      (effects (font (size 1 1) (thickness 0.15)))
    )
    (fp_text value 68k (at 0 1.65) (layer F.Fab)
      (effects (font (size 1 1) (thickness 0.15)))
    )
    (fp_line (start 1.68 0.95) (end -1.68 0.95) (layer F.CrtYd) (width 0.05))
    (fp_line (start 1.68 -0.95) (end 1.68 0.95) (layer F.CrtYd) (width 0.05))
    (fp_line (start -1.68 -0.95) (end 1.68 -0.95) (layer F.CrtYd) (width 0.05))
    (fp_line (start -1.68 0.95) (end -1.68 -0.95) (layer F.CrtYd) (width 0.05))
    (fp_line (start -0.258578 0.71) (end 0.258578 0.71) (layer F.SilkS) (width 0.12))
    (fp_line (start -0.258578 -0.71) (end 0.258578 -0.71) (layer F.SilkS) (width 0.12))
    (fp_line (start 1 0.6) (end -1 0.6) (layer F.Fab) (width 0.1))
    (fp_line (start 1 -0.6) (end 1 0.6) (layer F.Fab) (width 0.1))
    (fp_line (start -1 -0.6) (end 1 -0.6) (layer F.Fab) (width 0.1))
    (fp_line (start -1 0.6) (end -1 -0.6) (layer F.Fab) (width 0.1))
    (fp_text user %R (at 0 0) (layer F.Fab)
      (effects (font (size 0.5 0.5) (thickness 0.08)))
    )
    (pad 1 smd roundrect (at -0.9375 0) (size 0.975 1.4) (layers F.Cu F.Paste F.Mask) (roundrect_rratio 0.25)
      (net 4 SENSOR0))
    (pad 2 smd roundrect (at 0.9375 0) (size 0.975 1.4) (layers F.Cu F.Paste F.Mask) (roundrect_rratio 0.25)
      (net 18 SENSOR0_SCALED))
    (model ${KISYS3DMOD}/Resistor_SMD.3dshapes/R_0805_2012Metric.wrl
      (at (xyz 0 0 0))
      (scale (xyz 1 1 1))
      (rotate (xyz 0 0 0))
    )
  )

  (module Resistor_SMD:R_0805_2012Metric (layer F.Cu) (tedit 5B36C52B) (tstamp 5EC110BB)
    (at 54.9 47.9 180)
    (descr "Resistor SMD 0805 (2012 Metric), square (rectangular) end terminal, IPC_7351 nominal, (Body size source: https://docs.google.com/spreadsheets/d/1BsfQQcO9C6DZCsRaXUlFlo91Tg2WpOkGARC1WS5S8t0/edit?usp=sharing), generated with kicad-footprint-generator")
    (tags resistor)
    (path /5EEDA6BA)
    (attr smd)
    (fp_text reference R3 (at 2.4 -0.4) (layer F.SilkS)
      (effects (font (size 1 1) (thickness 0.15)))
    )
    (fp_text value 4k7 (at 0 1.65) (layer F.Fab)
      (effects (font (size 1 1) (thickness 0.15)))
    )
    (fp_line (start 1.68 0.95) (end -1.68 0.95) (layer F.CrtYd) (width 0.05))
    (fp_line (start 1.68 -0.95) (end 1.68 0.95) (layer F.CrtYd) (width 0.05))
    (fp_line (start -1.68 -0.95) (end 1.68 -0.95) (layer F.CrtYd) (width 0.05))
    (fp_line (start -1.68 0.95) (end -1.68 -0.95) (layer F.CrtYd) (width 0.05))
    (fp_line (start -0.258578 0.71) (end 0.258578 0.71) (layer F.SilkS) (width 0.12))
    (fp_line (start -0.258578 -0.71) (end 0.258578 -0.71) (layer F.SilkS) (width 0.12))
    (fp_line (start 1 0.6) (end -1 0.6) (layer F.Fab) (width 0.1))
    (fp_line (start 1 -0.6) (end 1 0.6) (layer F.Fab) (width 0.1))
    (fp_line (start -1 -0.6) (end 1 -0.6) (layer F.Fab) (width 0.1))
    (fp_line (start -1 0.6) (end -1 -0.6) (layer F.Fab) (width 0.1))
    (fp_text user %R (at 0 0) (layer F.Fab)
      (effects (font (size 0.5 0.5) (thickness 0.08)))
    )
    (pad 1 smd roundrect (at -0.9375 0 180) (size 0.975 1.4) (layers F.Cu F.Paste F.Mask) (roundrect_rratio 0.25)
      (net 35 SDA))
    (pad 2 smd roundrect (at 0.9375 0 180) (size 0.975 1.4) (layers F.Cu F.Paste F.Mask) (roundrect_rratio 0.25)
      (net 29 VCC))
    (model ${KISYS3DMOD}/Resistor_SMD.3dshapes/R_0805_2012Metric.wrl
      (at (xyz 0 0 0))
      (scale (xyz 1 1 1))
      (rotate (xyz 0 0 0))
    )
  )

  (module RF_Module:ESP32-WROOM-32 (layer F.Cu) (tedit 5B5B4654) (tstamp 5EC08F16)
    (at 49.4 58.5 90)
    (descr "Single 2.4 GHz Wi-Fi and Bluetooth combo chip https://www.espressif.com/sites/default/files/documentation/esp32-wroom-32_datasheet_en.pdf")
    (tags "Single 2.4 GHz Wi-Fi and Bluetooth combo  chip")
    (path /5E9ED41E)
    (attr smd)
    (fp_text reference U1 (at -9.1 9.75) (layer F.SilkS)
      (effects (font (size 1 1) (thickness 0.15)))
    )
    (fp_text value ESP32-WROOM-32 (at 0 11.5 90) (layer F.Fab)
      (effects (font (size 1 1) (thickness 0.15)))
    )
    (fp_line (start -9.12 -9.445) (end -9.5 -9.445) (layer F.SilkS) (width 0.12))
    (fp_line (start -9.12 -15.865) (end -9.12 -9.445) (layer F.SilkS) (width 0.12))
    (fp_line (start 9.12 -15.865) (end 9.12 -9.445) (layer F.SilkS) (width 0.12))
    (fp_line (start -9.12 -15.865) (end 9.12 -15.865) (layer F.SilkS) (width 0.12))
    (fp_line (start 9.12 9.88) (end 8.12 9.88) (layer F.SilkS) (width 0.12))
    (fp_line (start 9.12 9.1) (end 9.12 9.88) (layer F.SilkS) (width 0.12))
    (fp_line (start -9.12 9.88) (end -8.12 9.88) (layer F.SilkS) (width 0.12))
    (fp_line (start -9.12 9.1) (end -9.12 9.88) (layer F.SilkS) (width 0.12))
    (fp_line (start 8.4 -20.6) (end 8.2 -20.4) (layer Cmts.User) (width 0.1))
    (fp_line (start 8.4 -16) (end 8.4 -20.6) (layer Cmts.User) (width 0.1))
    (fp_line (start 8.4 -20.6) (end 8.6 -20.4) (layer Cmts.User) (width 0.1))
    (fp_line (start 8.4 -16) (end 8.6 -16.2) (layer Cmts.User) (width 0.1))
    (fp_line (start 8.4 -16) (end 8.2 -16.2) (layer Cmts.User) (width 0.1))
    (fp_line (start -9.2 -13.875) (end -9.4 -14.075) (layer Cmts.User) (width 0.1))
    (fp_line (start -13.8 -13.875) (end -9.2 -13.875) (layer Cmts.User) (width 0.1))
    (fp_line (start -9.2 -13.875) (end -9.4 -13.675) (layer Cmts.User) (width 0.1))
    (fp_line (start -13.8 -13.875) (end -13.6 -13.675) (layer Cmts.User) (width 0.1))
    (fp_line (start -13.8 -13.875) (end -13.6 -14.075) (layer Cmts.User) (width 0.1))
    (fp_line (start 9.2 -13.875) (end 9.4 -13.675) (layer Cmts.User) (width 0.1))
    (fp_line (start 9.2 -13.875) (end 9.4 -14.075) (layer Cmts.User) (width 0.1))
    (fp_line (start 13.8 -13.875) (end 13.6 -13.675) (layer Cmts.User) (width 0.1))
    (fp_line (start 13.8 -13.875) (end 13.6 -14.075) (layer Cmts.User) (width 0.1))
    (fp_line (start 9.2 -13.875) (end 13.8 -13.875) (layer Cmts.User) (width 0.1))
    (fp_line (start 14 -11.585) (end 12 -9.97) (layer Dwgs.User) (width 0.1))
    (fp_line (start 14 -13.2) (end 10 -9.97) (layer Dwgs.User) (width 0.1))
    (fp_line (start 14 -14.815) (end 8 -9.97) (layer Dwgs.User) (width 0.1))
    (fp_line (start 14 -16.43) (end 6 -9.97) (layer Dwgs.User) (width 0.1))
    (fp_line (start 14 -18.045) (end 4 -9.97) (layer Dwgs.User) (width 0.1))
    (fp_line (start 14 -19.66) (end 2 -9.97) (layer Dwgs.User) (width 0.1))
    (fp_line (start 13.475 -20.75) (end 0 -9.97) (layer Dwgs.User) (width 0.1))
    (fp_line (start 11.475 -20.75) (end -2 -9.97) (layer Dwgs.User) (width 0.1))
    (fp_line (start 9.475 -20.75) (end -4 -9.97) (layer Dwgs.User) (width 0.1))
    (fp_line (start 7.475 -20.75) (end -6 -9.97) (layer Dwgs.User) (width 0.1))
    (fp_line (start -8 -9.97) (end 5.475 -20.75) (layer Dwgs.User) (width 0.1))
    (fp_line (start 3.475 -20.75) (end -10 -9.97) (layer Dwgs.User) (width 0.1))
    (fp_line (start 1.475 -20.75) (end -12 -9.97) (layer Dwgs.User) (width 0.1))
    (fp_line (start -0.525 -20.75) (end -14 -9.97) (layer Dwgs.User) (width 0.1))
    (fp_line (start -2.525 -20.75) (end -14 -11.585) (layer Dwgs.User) (width 0.1))
    (fp_line (start -4.525 -20.75) (end -14 -13.2) (layer Dwgs.User) (width 0.1))
    (fp_line (start -6.525 -20.75) (end -14 -14.815) (layer Dwgs.User) (width 0.1))
    (fp_line (start -8.525 -20.75) (end -14 -16.43) (layer Dwgs.User) (width 0.1))
    (fp_line (start -10.525 -20.75) (end -14 -18.045) (layer Dwgs.User) (width 0.1))
    (fp_line (start -12.525 -20.75) (end -14 -19.66) (layer Dwgs.User) (width 0.1))
    (fp_line (start 9.75 -9.72) (end 14.25 -9.72) (layer F.CrtYd) (width 0.05))
    (fp_line (start -14.25 -9.72) (end -9.75 -9.72) (layer F.CrtYd) (width 0.05))
    (fp_line (start 14.25 -21) (end 14.25 -9.72) (layer F.CrtYd) (width 0.05))
    (fp_line (start -14.25 -21) (end -14.25 -9.72) (layer F.CrtYd) (width 0.05))
    (fp_line (start 14 -20.75) (end -14 -20.75) (layer Dwgs.User) (width 0.1))
    (fp_line (start 14 -9.97) (end 14 -20.75) (layer Dwgs.User) (width 0.1))
    (fp_line (start 14 -9.97) (end -14 -9.97) (layer Dwgs.User) (width 0.1))
    (fp_line (start -9 -9.02) (end -8.5 -9.52) (layer F.Fab) (width 0.1))
    (fp_line (start -8.5 -9.52) (end -9 -10.02) (layer F.Fab) (width 0.1))
    (fp_line (start -9 -9.02) (end -9 9.76) (layer F.Fab) (width 0.1))
    (fp_line (start -14.25 -21) (end 14.25 -21) (layer F.CrtYd) (width 0.05))
    (fp_line (start 9.75 -9.72) (end 9.75 10.5) (layer F.CrtYd) (width 0.05))
    (fp_line (start -9.75 10.5) (end 9.75 10.5) (layer F.CrtYd) (width 0.05))
    (fp_line (start -9.75 10.5) (end -9.75 -9.72) (layer F.CrtYd) (width 0.05))
    (fp_line (start -9 -15.745) (end 9 -15.745) (layer F.Fab) (width 0.1))
    (fp_line (start -9 -15.745) (end -9 -10.02) (layer F.Fab) (width 0.1))
    (fp_line (start -9 9.76) (end 9 9.76) (layer F.Fab) (width 0.1))
    (fp_line (start 9 9.76) (end 9 -15.745) (layer F.Fab) (width 0.1))
    (fp_line (start -14 -9.97) (end -14 -20.75) (layer Dwgs.User) (width 0.1))
    (fp_text user %R (at 0 0 90) (layer F.Fab)
      (effects (font (size 1 1) (thickness 0.15)))
    )
    (fp_text user "KEEP-OUT ZONE" (at 0 -19 90) (layer Cmts.User)
      (effects (font (size 1 1) (thickness 0.15)))
    )
    (fp_text user Antenna (at 0 -13 90) (layer Cmts.User)
      (effects (font (size 1 1) (thickness 0.15)))
    )
    (fp_text user "5 mm" (at 11.8 -14.375 90) (layer Cmts.User)
      (effects (font (size 0.5 0.5) (thickness 0.1)))
    )
    (fp_text user "5 mm" (at -11.2 -14.375 90) (layer Cmts.User)
      (effects (font (size 0.5 0.5) (thickness 0.1)))
    )
    (fp_text user "5 mm" (at 7.8 -19.075) (layer Cmts.User)
      (effects (font (size 0.5 0.5) (thickness 0.1)))
    )
    (pad 39 smd rect (at -1 -0.755 90) (size 5 5) (layers F.Cu F.Paste F.Mask)
      (net 2 -BATT))
    (pad 1 smd rect (at -8.5 -8.255 90) (size 2 0.9) (layers F.Cu F.Paste F.Mask)
      (net 2 -BATT))
    (pad 2 smd rect (at -8.5 -6.985 90) (size 2 0.9) (layers F.Cu F.Paste F.Mask)
      (net 29 VCC))
    (pad 3 smd rect (at -8.5 -5.715 90) (size 2 0.9) (layers F.Cu F.Paste F.Mask)
      (net 3 EN))
    (pad 4 smd rect (at -8.5 -4.445 90) (size 2 0.9) (layers F.Cu F.Paste F.Mask)
      (net 23 SENSOR5_SCALED))
    (pad 5 smd rect (at -8.5 -3.175 90) (size 2 0.9) (layers F.Cu F.Paste F.Mask)
      (net 21 SENSOR4_SCALED))
    (pad 6 smd rect (at -8.5 -1.905 90) (size 2 0.9) (layers F.Cu F.Paste F.Mask)
      (net 19 SENSOR3_SCALED))
    (pad 7 smd rect (at -8.5 -0.635 90) (size 2 0.9) (layers F.Cu F.Paste F.Mask)
      (net 18 SENSOR0_SCALED))
    (pad 8 smd rect (at -8.5 0.635 90) (size 2 0.9) (layers F.Cu F.Paste F.Mask)
      (net 20 SENSOR1_SCALED))
    (pad 9 smd rect (at -8.5 1.905 90) (size 2 0.9) (layers F.Cu F.Paste F.Mask)
      (net 22 SENSOR2_SCALED))
    (pad 10 smd rect (at -8.5 3.175 90) (size 2 0.9) (layers F.Cu F.Paste F.Mask)
      (net 24 SENSOR_ENABLE))
    (pad 11 smd rect (at -8.5 4.445 90) (size 2 0.9) (layers F.Cu F.Paste F.Mask)
      (net 36 VCC_SCALED))
    (pad 12 smd rect (at -8.5 5.715 90) (size 2 0.9) (layers F.Cu F.Paste F.Mask))
    (pad 13 smd rect (at -8.5 6.985 90) (size 2 0.9) (layers F.Cu F.Paste F.Mask))
    (pad 14 smd rect (at -8.5 8.255 90) (size 2 0.9) (layers F.Cu F.Paste F.Mask))
    (pad 15 smd rect (at -5.715 9.255 180) (size 2 0.9) (layers F.Cu F.Paste F.Mask)
      (net 2 -BATT))
    (pad 16 smd rect (at -4.445 9.255 180) (size 2 0.9) (layers F.Cu F.Paste F.Mask))
    (pad 17 smd rect (at -3.175 9.255 180) (size 2 0.9) (layers F.Cu F.Paste F.Mask))
    (pad 18 smd rect (at -1.905 9.255 180) (size 2 0.9) (layers F.Cu F.Paste F.Mask))
    (pad 19 smd rect (at -0.635 9.255 180) (size 2 0.9) (layers F.Cu F.Paste F.Mask))
    (pad 20 smd rect (at 0.635 9.255 180) (size 2 0.9) (layers F.Cu F.Paste F.Mask))
    (pad 21 smd rect (at 1.905 9.255 180) (size 2 0.9) (layers F.Cu F.Paste F.Mask))
    (pad 22 smd rect (at 3.175 9.255 180) (size 2 0.9) (layers F.Cu F.Paste F.Mask))
    (pad 23 smd rect (at 4.445 9.255 180) (size 2 0.9) (layers F.Cu F.Paste F.Mask))
    (pad 24 smd rect (at 5.715 9.255 180) (size 2 0.9) (layers F.Cu F.Paste F.Mask))
    (pad 25 smd rect (at 8.5 8.255 90) (size 2 0.9) (layers F.Cu F.Paste F.Mask)
      (net 16 IO0))
    (pad 26 smd rect (at 8.5 6.985 90) (size 2 0.9) (layers F.Cu F.Paste F.Mask)
      (net 35 SDA))
    (pad 27 smd rect (at 8.5 5.715 90) (size 2 0.9) (layers F.Cu F.Paste F.Mask))
    (pad 28 smd rect (at 8.5 4.445 90) (size 2 0.9) (layers F.Cu F.Paste F.Mask))
    (pad 29 smd rect (at 8.5 3.175 90) (size 2 0.9) (layers F.Cu F.Paste F.Mask)
      (net 34 SCL))
    (pad 30 smd rect (at 8.5 1.905 90) (size 2 0.9) (layers F.Cu F.Paste F.Mask))
    (pad 31 smd rect (at 8.5 0.635 90) (size 2 0.9) (layers F.Cu F.Paste F.Mask))
    (pad 32 smd rect (at 8.5 -0.635 90) (size 2 0.9) (layers F.Cu F.Paste F.Mask))
    (pad 33 smd rect (at 8.5 -1.905 90) (size 2 0.9) (layers F.Cu F.Paste F.Mask))
    (pad 34 smd rect (at 8.5 -3.175 90) (size 2 0.9) (layers F.Cu F.Paste F.Mask)
      (net 27 ESPRX))
    (pad 35 smd rect (at 8.5 -4.445 90) (size 2 0.9) (layers F.Cu F.Paste F.Mask)
      (net 28 ESPTX))
    (pad 36 smd rect (at 8.5 -5.715 90) (size 2 0.9) (layers F.Cu F.Paste F.Mask))
    (pad 37 smd rect (at 8.5 -6.985 90) (size 2 0.9) (layers F.Cu F.Paste F.Mask))
    (pad 38 smd rect (at 8.5 -8.255 90) (size 2 0.9) (layers F.Cu F.Paste F.Mask)
      (net 2 -BATT))
    (model ${KISYS3DMOD}/RF_Module.3dshapes/ESP32-WROOM-32.wrl
      (at (xyz 0 0 0))
      (scale (xyz 1 1 1))
      (rotate (xyz 0 0 0))
    )
  )

  (module Capacitor_SMD:CP_Elec_6.3x7.7 (layer F.Cu) (tedit 5BCA39D0) (tstamp 5EC1CB0F)
    (at 42.1 83.7 270)
    (descr "SMD capacitor, aluminum electrolytic, Nichicon, 6.3x7.7mm")
    (tags "capacitor electrolytic")
    (path /5ED4C496)
    (attr smd)
    (fp_text reference C1 (at -4.1 2.65 180) (layer F.SilkS)
